"ClintonFT" "TrumpFT"
76 1
52 28
1 100
69 0
1 13
1 61
60 5
0 85
3 70
87 5
6 74
10 95
49 39
3 82
1 91
0 51
79 51
79 59
0 86
87 1
94 2
2 13
65 1
68 8
53 2
50 33
0 72
41 1
70 1
85 16
92 18
21 1
1 51
0 31
77 2
93 1
100 2
52 20
7 88
9 70
94 69
94 0
10 65
99 1
100 5
0 13
98 7
3 6
83 1
1 46
98 12
75 4
10 60
99 0
3 92
31 1
1 100
99 3
2 3
1 0
16 0
78 0
10 45
100 0
61 0
54 6
95 0
1 49
0 95
2 71
93 6
78 6
4 95
61 1
1 99
95 1
0 80
0 97
7 60
1 100
56 10
100 2
47 11
59 69
2 31
12 0
50 54
0 88
0 89
60 6
90 0
0 95
75 0
60 2
77 6
5 79
5 75
100 0
0 70
87 2
0 88
100 1
100 0
20 1
76 0
10 11
100 1
100 10
3 75
3 98
95 6
1 95
4 97
71 2
51 85
50 5
55 13
61 6
4 56
3 64
3 91
35 75
29 1
80 1
100 75
0 70
59 87
84 0
46 0
70 80
0 100
31 88
91 11
60 61
10 90
4 10
1 0
3 19
4 62
59 61
100 0
97 2
86 20
4 79
71 10
6 48
0 90
65 41
4 84
40 94
1 95
12 20
0 96
70 65
100 1
0 71
0 12
66 1
1 70
0 20
100 60
85 61
33 0
1 41
0 32
24 41
41 33
0 92
6 90
75 0
0 100
61 0
1 69
0 60
1 84
12 97
100 70
1 66
13 93
0 90
73 0
9 21
75 0
42 1
6 95
0 80
0 2
88 1
70 5
12 68
24 52
3 34
0 71
0 91
1 89
35 0
9 97
15 95
97 94
95 10
61 52
4 58
8 80
85 1
0 97
54 5
4 89
4 98
0 100
63 2
65 60
0 86
89 0
8 22
16 41
4 91
11 44
0 91
50 0
30 60
47 1
100 4
1 69
0 61
1 72
75 0
1 95
80 2
2 56
49 45
0 40
0 36
33 1
98 1
0 41
79 98
1 89
89 0
49 34
3 41
96 4
98 1
55 30
89 11
80 4
0 78
86 2
4 72
0 89
94 0
91 11
0 15
2 22
59 28
95 1
12 30
98 5
3 51
5 36
1 100
73 20
90 50
62 15
36 18
80 36
67 1
5 57
0 30
1 53
100 2
1 100
31 1
71 1
1 99
6 72
0 100
51 94
88 1
91 19
6 100
18 8
100 24
30 31
3 48
41 86
65 55
52 98
70 0
69 54
0 99
2 87
98 5
0 76
52 0
0 100
85 7
52 54
1 73
2 90
20 6
97 0
0 100
71 4
0 17
11 61
1 2
0 91
71 1
64 100
50 0
2 96
100 0
1 70
81 13
83 3
1 54
2 1
75 73
10 89
60 25
94 1
61 65
49 50
93 12
1 63
96 4
9 96
65 62
97 88
1 56
1 86
6 40
97 8
100 51
100 7
0 11
90 1
60 80
44 6
60 0
0 81
1 88
82 1
0 89
64 100
74 69
41 51
21 41
30 61
0 40
85 11
31 49
20 75
69 6
1 51
25 45
0 1
79 0
11 30
55 78
100 0
1 70
0 88
0 71
58 61
90 11
3 96
2 50
0 100
0 5
0 49
71 3
99 1
99 3
25 98
65 75
6 14
67 57
0 95
91 6
58 29
99 0
75 69
1 20
47 94
1 90
1 80
51 8
30 65
2 87
100 1
11 30
100 6
1 99
91 39
100 0
0 70
82 1
1 40
1 90
81 1
2 95
4 31
3 100
60 0
100 4
19 20
5 97
4 31
1 85
0 40
75 14
49 22
1 100
52 10
70 65
76 2
85 1
72 33
0 70
89 0
1 75
60 2
21 6
1 93
63 35
2 94
0 100
1 47
84 1
18 69
23 39
41 30
75 5
0 96
30 67
0 75
84 47
5 95
0 40
56 3
41 89
66 22
77 2
11 51
71 2
100 20
1 31
64 17
85 22
75 40
77 90
7 66
72 3
0 1
5 21
85 0
74 65
33 20
0 86
1 46
96 2
3 73
0 90
0 80
79 0
78 0
76 83
99 2
1 0
70 71
16 60
85 54
0 80
99 6
1 30
51 97
18 49
5 89
95 50
81 90
19 88
60 1
91 10
98 34
64 14
53 31
64 0
75 22
0 60
100 0
94 19
49 94
68 19
71 94
1 65
2 99
72 87
0 7
2 40
0 6
0 44
0 86
35 0
0 86
84 0
5 91
2 100
100 0
0 95
99 7
88 93
0 51
90 3
99 18
16 70
0 100
1 78
71 5
51 3
6 66
100 0
33 97
50 1
3 1
35 87
20 4
72 5
3 31
1 73
89 2
38 10
6 55
100 19
2 60
56 4
97 72
0 68
81 0
100 2
1 100
85 75
12 70
82 1
9 3
57 65
67 22
5 51
1 35
91 0
11 2
20 70
57 43
78 28
0 100
3 87
0 51
100 5
25 40
99 2
84 14
0 78
55 50
2 90
54 89
20 0
9 84
56 100
2 34
92 0
78 0
75 4
65 0
40 5
89 6
3 100
70 95
12 8
20 50
0 81
38 52
9 94
95 3
90 2
6 20
60 22
53 85
81 3
1 0
30 50
39 41
2 100
9 60
65 52
41 4
100 1
53 5
97 2
81 39
98 0
50 5
100 13
54 11
60 100
95 1
3 100
34 19
3 1
21 99
17 80
3 2
10 99
50 43
10 95
86 10
41 56
69 9
0 94
92 0
0 11
0 65
0 78
85 70
100 50
61 100
0 2
2 70
85 3
48 52
79 62
51 10
74 41
95 35
24 64
80 71
1 50
70 0
97 52
20 100
51 30
1 53
100 19
5 0
56 5
4 1
65 88
2 51
34 97
53 1
99 81
2 80
81 3
100 0
52 70
0 20
75 7
92 2
100 1
90 1
95 51
59 6
11 80
40 90
89 16
77 33
48 1
62 89
91 0
1 97
100 6
2 67
53 1
71 5
15 75
2 100
92 32
1 95
60 0
30 60
0 95
1 92
73 56
90 66
77 5
80 0
75 68
81 10
56 6
74 3
0 71
14 99
0 50
75 17
34 57
81 10
91 0
64 80
1 3
47 89
0 100
100 35
4 77
88 27
0 100
1 69
63 3
0 100
53 0
39 22
0 1
100 3
8 30
41 0
25 32
29 98
95 0
2 89
58 0
85 2
75 0
1 17
61 81
78 76
19 3
85 90
2 1
50 0
2 88
50 41
40 0
18 50
1 6
81 77
30 0
85 64
63 0
50 84
30 1
73 1
89 20
53 63
0 75
100 10
0 39
51 0
100 18
1 84
100 4
31 0
100 4
16 70
90 83
19 2
70 51
5 78
18 87
71 66
88 31
1 100
0 100
0 21
75 0
91 14
0 56
89 98
100 3
100 2
63 92
6 97
0 60
66 75
50 69
93 50
0 96
78 6
89 0
100 66
80 3
8 2
0 75
3 47
38 1
61 3
76 0
55 8
49 38
83 0
1 71
11 47
70 100
99 0
91 2
50 39
73 3
33 0
39 0
1 60
95 22
11 61
85 0
88 4
4 42
4 11
1 40
99 8
94 2
88 36
57 3
55 5
44 10
97 9
4 92
71 4
5 4
2 0
86 0
76 64
39 6
44 59
100 1
53 10
37 3
60 0
52 60
18 96
12 71
69 3
27 82
80 0
88 0
50 0
50 4
3 100
56 0
84 3
100 5
88 55
47 3
92 6
61 50
36 8
49 60
4 1
13 78
36 2
31 65
62 0
70 0
0 93
6 0
89 2
44 21
19 74
85 0
70 0
61 2
88 0
64 1
1 99
6 100
30 41
46 55
0 100
60 20
75 4
98 3
31 26
0 71
0 84
70 6
27 0
17 80
73 1
70 31
41 1
19 18
1 72
70 1
51 100
61 5
11 75
84 0
3 72
15 0
20 70
99 40
2 94
13 28
47 92
12 41
9 90
51 0
1 45
94 0
9 6
1 67
13 2
42 0
89 12
38 0
77 1
0 84
38 93
100 9
55 5
61 3
55 3
100 0
0 90
10 5
30 95
15 3
1 51
6 48
22 71
90 40
39 94
71 66
46 17
84 9
2 62
0 100
2 1
81 0
11 50
5 98
70 0
60 2
63 0
0 60
32 4
50 3
54 39
50 51
1 2
90 0
100 0
59 3
89 90
50 3
30 0
40 1
60 14
45 1
41 36
94 50
81 21
71 7
59 0
72 75
2 95
1 2
97 3
0 94
6 66
4 99
3 98
1 98
31 0
1 48
6 7
2 1
72 0
22 95
100 17
99 3
59 62
71 5
21 41
99 63
89 0
9 49
12 72
14 72
3 100
87 1
19 56
58 26
1 31
95 6
69 1
100 10
43 38
55 3
30 3
38 7
16 81
0 100
97 13
60 80
56 0
6 55
77 3
12 61
34 6
99 20
1 100
63 2
60 88
31 0
66 0
70 0
49 17
76 41
48 25
1 91
6 97
76 2
0 2
6 100
30 1
3 4
89 3
75 72
75 57
56 90
99 1
41 60
28 59
20 1
41 89
67 0
89 1
22 0
0 53
40 32
13 2
1 100
0 35
15 10
69 1
100 99
56 3
8 100
55 0
19 59
100 2
30 0
80 36
2 96
50 51
5 17
0 40
1 74
47 41
60 0
0 91
51 28
65 56
79 0
59 100
2 40
31 72
0 84
40 17
72 10
76 12
73 3
99 90
90 91
70 100
26 0
100 7
55 75
24 62
99 7
52 51
72 6
16 76
100 4
21 97
1 66
66 4
64 45
3 11
97 16
99 21
6 7
7 99
55 1
100 0
36 0
59 80
3 85
11 13
0 85
32 50
12 91
90 1
94 6
61 0
58 2
0 60
76 0
100 0
64 27
55 58
1 64
61 0
78 66
22 6
18 5
12 14
1 64
0 100
94 4
24 6
11 2
84 9
35 56
6 90
65 1
52 42
91 6
38 68
49 23
54 0
3 5
94 3
96 100
84 75
58 1
16 30
51 47
27 34
51 69
2 55
57 0
80 0
37 31
22 48
79 50
100 0
89 88
36 0
70 14
72 41
68 59
20 1
91 8
0 90
100 16
85 41
76 13
82 0
52 36
0 80
31 0
83 3
3 5
60 75
5 71
100 1
59 5
27 21
56 1
71 1
49 50
94 1
92 91
26 35
70 3
10 18
